[Variables]
ercf_calib_0 = 1.0
ercf_calib_1 = 0.992029215229
ercf_calib_10 = 1.0
ercf_calib_11 = 1.0
ercf_calib_2 = 1.00513973349
ercf_calib_3 = 0.994190498923
ercf_calib_4 = 0.999635134733
ercf_calib_5 = 0.993108681187
ercf_calib_6 = 0.999635134733
ercf_calib_7 = 0.998541442025
ercf_calib_8 = 1.00624793607
ercf_calib_9 = 1.0
ercf_calib_ref = 853.264229
filament_used = 3060950.35873
filterusetime = 14591
lastservicetime = 1453099
totalprintingtime = 2726348

